# EEKA taxiways and aprons, generated by tools/make_terrain.py (see there for the format).
# From OpenStreetMap: (c) OpenStreetMap contributors, ODbL. North,east metres in the sim's frame.
icao=EEKA
level=-35.7
taxiway=-|18.0|-44813.6,-115590.4;-44822.8,-115588.2;-44829.0,-115587.7;-44835.2,-115591.1;-44841.9,-115597.1;-44869.9,-115643.2;-44888.1,-115673.3;-44894.5,-115681.5;-44901.5,-115685.4;-44908.2,-115686.0;-44913.4,-115686.1;-44940.1,-115669.5;-44946.1,-115663.9;-44950.7,-115655.0;-44968.5,-115600.8;-44972.1,-115589.6;-45001.6,-115499.8;-45006.7,-115484.4;-45011.1,-115474.8;-45018.9,-115467.9
taxiway=-|18.0|-44876.2,-115708.1;-44885.5,-115702.8;-44913.4,-115686.1
taxiway=-|18.0|-44888.1,-115673.3;-44892.5,-115682.4;-44892.9,-115688.8;-44891.2,-115694.7;-44885.5,-115702.8
taxiway=-|18.0|-44841.9,-115597.1;-44839.0,-115589.7;-44840.0,-115582.5;-44842.8,-115576.4;-44856.3,-115564.5
taxiway=-|18.0|-45001.6,-115499.8;-45000.8,-115491.6;-44997.8,-115487.7;-44993.3,-115486.4;-44985.9,-115487.5
apron=-|-44867.5,-115726.2;-44890.7,-115712.6;-44995.9,-115652.6;-45022.1,-115657.4;-45040.3,-115688.0;-45102.2,-115649.3;-45078.1,-115606.6;-45021.0,-115642.8;-44990.0,-115638.9;-44968.5,-115600.8;-44962.7,-115590.6;-44913.7,-115621.4;-44932.0,-115660.3;-44915.0,-115668.2;-44897.9,-115666.4;-44888.1,-115673.3;-44850.8,-115696.2
