# EEKE taxiways and aprons, generated by tools/make_terrain.py (see there for the format).
# From OpenStreetMap: (c) OpenStreetMap contributors, ODbL. North,east metres in the sim's frame.
icao=EEKE
level=-37.2
taxiway=A|18.0|-129115.2,-136676.8;-129129.3,-136683.4;-129134.5,-136688.0;-129140.4,-136696.4;-129144.3,-136710.0;-129142.0,-136767.9;-129140.8,-136798.4;-129139.3,-136827.1;-129135.8,-136836.8;-129129.9,-136845.3;-129123.8,-136850.7;-129117.1,-136854.0;-129108.7,-136856.5
taxiway=-|18.0|-129144.3,-136710.0;-129150.4,-136694.3;-129155.8,-136688.7;-129162.9,-136683.3;-129177.5,-136678.5
taxiway=-|18.0|-129055.6,-136914.0;-129026.5,-136913.5;-129021.9,-136912.3;-129017.7,-136908.5;-129015.7,-136903.3
taxiway=B|18.0|-129108.7,-136856.5;-129124.5,-136856.9;-129134.0,-136854.8;-129147.2,-136848.2;-129184.9,-136826.9;-129208.3,-136813.6;-129269.8,-136778.2;-129389.2,-136710.5;-129419.8,-136693.3;-129429.4,-136688.6;-129440.4,-136685.6
taxiway=-|18.0|-129208.3,-136813.6;-129202.9,-136819.3;-129202.5,-136823.6;-129204.1,-136829.8;-129209.5,-136839.8;-129214.5,-136849.8;-129214.6,-136854.3;-129213.4,-136857.2;-129211.2,-136859.9;-129195.0,-136868.2
taxiway=-|18.0|-129209.5,-136839.8;-129213.1,-136842.4;-129216.0,-136843.3;-129219.8,-136843.2;-129222.9,-136841.9;-129226.1,-136841.1;-129230.3,-136841.4;-129232.6,-136842.5;-129236.1,-136845.7;-129272.1,-136920.3;-129276.3,-136923.1;-129279.0,-136923.9;-129282.3,-136923.9;-129291.3,-136920.0
taxiway=-|18.0|-129140.8,-136798.4;-129143.8,-136807.9;-129150.9,-136817.6;-129157.8,-136822.6;-129164.5,-136825.4;-129171.8,-136827.0;-129178.4,-136827.3;-129184.9,-136826.9;-129193.7,-136824.9;-129199.4,-136826.0;-129204.1,-136829.8
taxiway=-|18.0|-129389.2,-136710.5;-129393.3,-136703.5;-129393.7,-136698.8;-129392.8,-136692.9;-129389.4,-136687.5;-129381.0,-136684.0
taxiway=-|18.0|-128884.1,-136927.9;-128925.4,-136972.0;-128932.4,-136978.0;-128940.2,-136981.6;-128948.2,-136982.6;-128955.0,-136982.9;-128962.4,-136980.4;-128967.0,-136978.8;-128981.4,-136971.3;-128997.1,-136961.0;-129003.7,-136955.7;-129011.2,-136948.6;-129014.6,-136937.6;-129015.7,-136903.3;-129016.4,-136873.3;-129019.0,-136866.2;-129023.2,-136861.1;-129028.4,-136857.5;-129036.9,-136854.8;-129108.7,-136856.5
apron=N|-129208.0,-136824.4;-129229.2,-136865.7;-129077.7,-136941.2;-129062.9,-136948.6;-129058.7,-136942.0;-129033.2,-136955.1;-128988.4,-136978.0;-128993.4,-136843.2;-129090.4,-136845.9;-129131.3,-136842.3;-129199.0,-136805.8
apron=S|-129239.1,-136806.2;-129297.3,-136927.0;-129270.6,-136940.0;-129255.1,-136909.2;-129233.8,-136864.5;-129229.2,-136865.7;-129208.0,-136824.4
