# EEPU taxiways and aprons, generated by tools/make_terrain.py (see there for the format).
# From OpenStreetMap: (c) OpenStreetMap contributors, ODbL. North,east metres in the sim's frame.
icao=EEPU
level=-28.3
taxiway=D|18.0|-109703.2,-20533.4;-109692.3,-20561.1;-109678.8,-20580.5;-109613.7,-20701.0;-109615.1,-20730.0;-109674.0,-20792.3;-109746.1,-20863.8;-109793.1,-20911.0;-109849.4,-20965.9
taxiway=B|18.0|-111044.6,-21896.2;-111234.4,-21629.8
taxiway=C|18.0|-110147.7,-21262.4;-110338.3,-20988.1
taxiway=A|18.0|-111044.6,-21896.2;-111452.0,-22091.0;-111527.1,-22126.4;-111553.2,-22117.7;-111572.9,-22111.1;-111681.3,-21987.3;-111701.1,-21965.3
taxiway=-|18.0|-109849.4,-20965.9;-109942.2,-20800.1
taxiway=-|18.0|-111701.1,-21965.3;-111795.5,-21857.3;-111798.9,-21853.5
taxiway=-|18.0|-110710.9,-21290.3;-110673.5,-21342.5;-110528.2,-21545.6
taxiway=-|18.0|-110147.7,-21262.4;-110349.9,-21463.3
taxiway=-|18.0|-110632.1,-21665.9;-110637.4,-21658.6;-110641.5,-21652.8;-110642.4,-21651.3;-110642.7,-21650.4;-110642.7,-21649.3;-110642.5,-21648.2;-110641.9,-21646.3
taxiway=-|18.0|-110617.5,-21655.4;-110624.8,-21645.1;-110627.1,-21642.0;-110627.9,-21640.6;-110628.1,-21639.7;-110628.1,-21638.5;-110627.8,-21637.1;-110627.1,-21635.5
taxiway=-|18.0|-110578.1,-21673.3;-110579.8,-21673.3;-110580.8,-21673.3;-110582.0,-21672.9;-110583.1,-21672.1;-110584.7,-21670.4;-110592.3,-21659.5
taxiway=-|18.0|-110588.3,-21634.3;-110596.9,-21622.2;-110598.0,-21620.4;-110598.5,-21619.5;-110598.7,-21618.4;-110598.6,-21617.0;-110598.2,-21615.7;-110597.1,-21613.7
taxiway=-|18.0|-110548.6,-21652.2;-110550.9,-21652.6;-110552.5,-21652.1;-110554.3,-21651.0;-110563.1,-21638.5
taxiway=-|18.0|-110534.1,-21641.8;-110535.4,-21641.9;-110536.8,-21641.8;-110537.9,-21641.5;-110539.1,-21640.9;-110540.7,-21639.0;-110548.5,-21628.0
taxiway=-|18.0|-110665.5,-21673.1;-110666.3,-21674.4;-110666.8,-21675.3;-110667.1,-21676.3;-110667.1,-21677.0;-110667.2,-21677.7;-110667.0,-21678.4;-110666.5,-21679.6;-110661.4,-21686.8
taxiway=-|18.0|-110656.6,-21662.6;-110646.7,-21676.3
taxiway=-|18.0|-110607.3,-21694.2;-110608.4,-21694.3;-110609.4,-21694.3;-110610.2,-21694.2;-110611.1,-21694.0;-110612.3,-21693.3;-110613.4,-21692.0;-110621.6,-21680.4
taxiway=-|18.0|-110592.8,-21683.8;-110593.9,-21683.9;-110595.1,-21683.8;-110596.2,-21683.6;-110597.0,-21683.2;-110597.8,-21682.5;-110598.7,-21681.6;-110607.0,-21670.0
taxiway=-|18.0|-110602.8,-21644.9;-110609.5,-21635.5;-110612.5,-21631.3;-110613.2,-21630.0;-110613.4,-21629.0;-110613.3,-21627.9;-110612.9,-21626.5;-110612.2,-21624.6
taxiway=-|18.0|-110563.0,-21662.5;-110564.5,-21663.0;-110565.5,-21663.0;-110566.6,-21662.7;-110567.7,-21662.2;-110568.6,-21661.4;-110570.0,-21659.9;-110577.7,-21649.0
taxiway=-|18.0|-110573.6,-21623.9;-110580.4,-21614.3;-110583.0,-21610.7;-110583.8,-21609.4;-110584.1,-21608.3;-110584.2,-21607.1;-110584.0,-21606.1;-110583.8,-21605.4;-110583.0,-21603.6
taxiway=-|18.0|-110559.0,-21613.4;-110565.3,-21604.5;-110568.6,-21599.8;-110569.2,-21599.0;-110569.5,-21597.9;-110569.5,-21596.4;-110569.1,-21594.9;-110568.4,-21593.4
taxiway=-|18.0|-110528.2,-21545.6;-110517.9,-21559.8
taxiway=B|18.0|-110540.9,-21572.7;-110541.6,-21574.1;-110542.6,-21576.3;-110543.2,-21578.2;-110543.6,-21579.3;-110543.8,-21581.1;-110543.7,-21582.3;-110543.5,-21584.4;-110542.9,-21586.5;-110542.0,-21588.8;-110537.7,-21594.9;-110521.4,-21617.7;-110519.1,-21621.2;-110518.6,-21622.5;-110518.3,-21623.8;-110518.3,-21625.5;-110518.6,-21627.7;-110519.1,-21629.4;-110520.0,-21631.0;-110521.3,-21632.6;-110524.8,-21635.1;-110534.1,-21641.8;-110548.6,-21652.2;-110563.0,-21662.5;-110578.1,-21673.3;-110592.8,-21683.8;-110607.3,-21694.2;-110649.8,-21724.6
taxiway=A|18.0|-110455.7,-21512.7;-110457.7,-21512.9;-110461.1,-21513.2;-110463.5,-21513.9;-110471.0,-21519.1;-110497.7,-21538.2;-110509.1,-21546.3;-110512.2,-21548.1;-110515.2,-21548.9;-110517.8,-21549.2;-110520.7,-21548.9;-110522.5,-21548.5;-110524.1,-21548.0;-110526.7,-21546.5;-110528.2,-21545.6
taxiway=B|18.0|-110528.2,-21545.6;-110527.5,-21547.5;-110526.8,-21549.7;-110526.5,-21551.8;-110526.4,-21554.3;-110526.9,-21556.7;-110528.0,-21559.6;-110529.3,-21562.0;-110532.8,-21565.5;-110540.9,-21572.7;-110597.1,-21613.7;-110612.2,-21624.6;-110627.1,-21635.5;-110641.9,-21646.3;-110653.5,-21654.7;-110655.8,-21656.4;-110656.5,-21657.2;-110656.8,-21657.9;-110657.2,-21658.8;-110657.3,-21659.5;-110657.3,-21660.4;-110657.1,-21661.5;-110656.6,-21662.6;-110656.4,-21663.8;-110656.5,-21664.9;-110656.7,-21665.8;-110657.1,-21666.6;-110657.6,-21667.4;-110665.5,-21673.1;-110677.9,-21682.0;-110680.0,-21683.5;-110681.1,-21685.0;-110681.7,-21686.4;-110681.8,-21687.3;-110681.8,-21688.4;-110681.4,-21689.6;-110677.6,-21695.0
taxiway=-|18.0|-110710.9,-21290.3;-110713.2,-21285.1;-110714.5,-21278.4;-110714.4,-21272.5;-110713.2,-21267.0;-110711.1,-21261.4;-110708.3,-21257.2;-110704.4,-21253.2;-110700.7,-21247.5
taxiway=-|18.0|-110757.8,-21288.4;-110750.5,-21285.9;-110747.9,-21284.6;-110742.9,-21282.3;-110739.8,-21281.5;-110735.4,-21280.8;-110729.9,-21281.0;-110724.4,-21281.9;-110715.8,-21286.2;-110710.9,-21290.3
taxiway=-|18.0|-111594.2,-22169.4;-111553.2,-22117.7
taxiway=D|18.0|-109849.4,-20965.9;-110147.7,-21262.4
apron=A|-110512.8,-21554.4;-110363.6,-21447.0;-110349.9,-21463.3;-110338.7,-21476.6;-110325.8,-21496.9;-110343.2,-21512.8;-110349.8,-21502.8;-110386.3,-21528.1;-110380.3,-21537.5;-110476.6,-21608.1
apron=B|-110512.8,-21554.4;-110568.4,-21593.4;-110583.0,-21603.6;-110663.6,-21660.1;-110661.7,-21663.0;-110696.5,-21687.4;-110667.7,-21729.6;-110665.5,-21727.9;-110658.3,-21738.5;-110652.3,-21746.8;-110609.1,-21715.8;-110615.1,-21707.5;-110476.6,-21608.1
