# EETN taxiways and aprons, generated by tools/make_terrain.py (see there for the format).
# From OpenStreetMap: (c) OpenStreetMap contributors, ODbL. North,east metres in the sim's frame.
icao=EETN
level=0.0
taxiway=C|23.0|7.2,-1333.7;9.7,-1346.5;12.1,-1354.7;15.5,-1362.5;18.8,-1369.3;24.7,-1376.4;28.7,-1381.2;36.4,-1388.3;43.5,-1393.6;53.0,-1398.5;59.6,-1401.1;65.6,-1402.8;79.4,-1404.4;98.7,-1404.5;130.7,-1404.3;155.2,-1404.2;200.9,-1404.2;246.7,-1403.8;287.6,-1403.6
taxiway=A|23.0|204.1,-1747.4;212.8,-1790.3;222.2,-1836.1;223.7,-1843.9;225.1,-1851.5
taxiway=-|23.0|201.0,-1449.5;203.6,-1437.3;206.5,-1430.6;211.6,-1423.0;217.1,-1417.0;223.6,-1412.2;234.2,-1406.6;246.7,-1403.8
taxiway=-|23.0|200.5,-1357.9;202.3,-1367.3;204.7,-1374.1;209.9,-1383.3;217.8,-1391.6;225.6,-1397.1;233.7,-1400.8;246.7,-1403.8
taxiway=-|23.0|201.1,-1473.5;193.5,-1446.0;182.9,-1429.7;174.0,-1421.4;161.7,-1413.0;148.6,-1407.7;130.7,-1404.3
taxiway=D|23.0|198.8,-968.7;196.5,-977.8;193.9,-984.6;189.5,-990.0;184.1,-993.7;174.2,-998.6;95.3,-999.5;45.0,-1000.0;36.8,-1002.0;29.5,-1005.7;21.4,-1010.8;16.3,-1016.3;10.6,-1023.5;8.3,-1031.4;5.6,-1042.1
taxiway=A|23.0|195.0,-301.3;195.2,-343.9;195.4,-378.0;196.1,-516.3;196.4,-560.8;196.8,-627.5;196.9,-650.2;197.3,-709.7;197.3,-714.0;197.4,-724.8;198.2,-873.2;198.6,-936.9;198.8,-968.7;198.9,-993.0;199.1,-1023.9;200.4,-1332.1;200.5,-1357.9;200.9,-1404.2;201.0,-1449.5;201.1,-1473.5;201.2,-1477.4;201.2,-1483.5;201.3,-1523.8;201.8,-1573.5;201.9,-1614.9;202.2,-1664.2;202.4,-1704.0;202.5,-1717.0;202.6,-1739.0;204.1,-1747.4
taxiway=E|23.0|198.2,-873.2;196.5,-858.0;194.3,-845.8;189.4,-827.4;185.2,-812.0;176.0,-791.3;144.5,-736.6;140.2,-729.0;107.5,-672.2;77.8,-620.6;56.3,-581.9;44.3,-554.7;32.5,-524.5;25.0,-501.4;17.1,-469.6;10.6,-442.2;7.3,-419.0;4.2,-394.2;1.8,-335.2
taxiway=A|23.0|195.0,-301.3;194.7,-261.9;193.3,-12.4;193.0,41.6;189.3,715.1
taxiway=F|23.0|50.9,766.5;41.8,768.2;32.6,771.4;19.3,779.0;10.2,788.2;4.7,796.2;-0.5,807.9;-4.3,825.9
taxiway=-|23.0|45.0,-1000.0;35.9,-997.0;29.2,-993.7;22.7,-990.0;16.8,-985.1;12.5,-980.7;9.4,-977.1;7.2,-972.0;5.2,-962.6
taxiway=-|23.0|174.2,-998.6;183.6,-1002.3;188.1,-1005.1;192.3,-1009.5;195.8,-1014.4;199.1,-1023.9
taxiway=-|23.0|223.7,-1843.9;221.7,-1837.9;219.4,-1832.9;216.2,-1827.6;211.3,-1821.5;205.0,-1816.0;199.7,-1812.3;193.2,-1809.3;186.0,-1807.3;177.8,-1806.1;161.3,-1807.4
taxiway=Y3|23.0|196.1,-516.3;198.5,-524.6;201.9,-529.7;205.6,-533.0;211.1,-536.5;219.0,-538.5
taxiway=Y2|23.0|196.9,-650.2;199.1,-644.9;201.0,-642.7;204.5,-640.4;209.4,-638.2
taxiway=Y5|23.0|216.4,-322.0;210.6,-320.8;206.5,-318.5;203.3,-315.4;199.6,-310.2;197.4,-306.5;195.0,-301.3
taxiway=Y|23.0|260.4,-485.2;260.3,-476.0;260.2,-461.9;260.1,-447.9;260.0,-434.0;259.9,-420.0;259.8,-406.2;259.5,-377.1;259.1,-346.6;259.1,-339.6;258.3,-335.4;255.6,-330.2;251.2,-325.6;247.2,-323.5;239.3,-321.6
taxiway=-|23.0|225.1,-1851.5;225.0,-1834.8;225.3,-1826.6;227.1,-1819.4;229.3,-1813.1;234.0,-1805.1;237.3,-1800.7;241.7,-1796.4;246.9,-1792.1;253.2,-1788.7;258.8,-1786.5;264.0,-1784.9;269.8,-1783.6
taxiway=-|23.0|402.1,-1784.9;393.5,-1779.7;386.3,-1775.8;381.7,-1768.7;379.8,-1762.2;378.9,-1755.6;378.5,-1745.3;379.4,-1740.4
taxiway=-|23.0|204.1,-1747.4;207.2,-1755.6;210.7,-1761.5;216.0,-1768.5;223.0,-1774.3;230.0,-1778.7;238.0,-1781.4;242.7,-1782.8;247.6,-1783.7;257.6,-1783.9;269.8,-1783.6
taxiway=-|23.0|377.9,-1443.0;378.1,-1433.3;379.6,-1425.1;382.2,-1418.6;386.3,-1412.1;392.0,-1407.5;401.5,-1403.9
taxiway=-|23.0|335.6,-1782.9;349.8,-1779.5;354.1,-1777.8;359.3,-1775.6;365.0,-1769.3;369.6,-1763.7;373.9,-1757.8;377.2,-1750.8;378.5,-1745.3
taxiway=B|23.0|172.0,-1804.4;192.3,-1796.5;212.8,-1790.3;227.9,-1787.0;240.8,-1785.2;257.6,-1783.9;269.8,-1783.6
taxiway=-|23.0|269.8,-1783.6;280.2,-1783.5;333.6,-1783.0;335.6,-1782.9;379.3,-1781.9;392.0,-1782.3;402.1,-1784.9;416.8,-1793.1;440.8,-1807.2;447.8,-1812.2;451.7,-1817.5;454.3,-1828.5;458.9,-1851.5;468.9,-1901.9;470.9,-1913.1;471.2,-1922.0
taxiway=-|23.0|202.6,-1739.0;202.5,-1757.9;202.1,-1764.5;200.8,-1771.0;198.0,-1779.1;194.4,-1786.0;187.6,-1793.8;180.0,-1799.7;172.0,-1804.4
taxiway=A|23.0|225.1,-1851.5;225.4,-1862.0;226.1,-1916.2;226.5,-1956.7;227.0,-1997.0;227.4,-2037.6;227.4,-2041.5
taxiway=B|23.0|172.0,-1804.4;161.3,-1807.4;156.1,-1807.8;149.2,-1808.0;139.6,-1806.3;131.2,-1803.4;120.5,-1796.9;109.2,-1785.3;52.6,-1728.8;33.7,-1710.0;22.7,-1693.8;13.9,-1673.3;7.9,-1648.4
taxiway=-|23.0|287.6,-1403.6;330.4,-1403.4;339.9,-1403.4;401.5,-1403.9;442.2,-1403.6;449.9,-1401.9;457.2,-1397.4;459.5,-1396.0;466.5,-1388.6;471.8,-1380.3;473.8,-1371.5;473.4,-1347.2;473.2,-1336.6;473.1,-1333.8;472.6,-1303.9;471.3,-1294.8;467.1,-1286.5;460.5,-1280.5;458.8,-1279.7;452.1,-1276.4;447.6,-1275.6;442.4,-1275.4;433.3,-1275.4;426.9,-1275.4;392.9,-1275.6;356.3,-1275.9;310.0,-1276.1;275.6,-1275.6
taxiway=Y2|23.0|209.4,-638.2;205.0,-637.0;200.3,-633.9;196.8,-627.5
taxiway=-|23.0|442.2,-1403.6;458.6,-1405.1;460.7,-1405.3;469.5,-1410.0;477.6,-1418.9;482.4,-1431.2;483.9,-1452.4;483.9,-1454.6;483.9,-1471.4;485.6,-1477.7;490.9,-1486.0;512.7,-1516.5;540.2,-1555.0;549.0,-1567.5
taxiway=-|23.0|472.6,-2043.2;472.5,-2027.7;472.3,-2016.0;472.1,-2002.5;471.7,-1986.0;471.5,-1962.6;471.2,-1922.0
taxiway=-|23.0|377.9,-1443.0;375.4,-1433.4;372.7,-1426.0;367.8,-1419.5;363.4,-1414.8;357.7,-1410.7;350.5,-1406.6;339.9,-1403.4
taxiway=F|23.0|189.3,715.1;186.7,726.2;182.1,736.3;175.3,746.1;166.7,754.2;156.3,760.6;147.2,764.2;136.0,766.9;88.2,766.5;50.9,766.5;41.2,764.4;32.1,761.2;18.2,752.4;12.3,746.0;6.8,739.3;1.7,729.0;-1.6,720.2;-3.7,708.6
taxiway=-|23.0|379.4,-1740.4;379.4,-1731.6;379.2,-1700.1;379.1,-1683.9;379.0,-1659.1;378.8,-1618.9;378.4,-1593.2;378.6,-1578.9;378.4,-1552.7;378.4,-1538.6;378.2,-1503.2;377.9,-1443.0
taxiway=-|23.0|270.0,-1.9;270.1,-19.6;270.2,-38.5;270.3,-57.6;270.4,-76.6;270.5,-95.5;270.6,-114.6;270.6,-133.6;270.7,-152.2;270.7,-171.1;270.9,-190.0;270.9,-197.1;270.9,-208.9;271.0,-227.9;271.0,-230.0;271.1,-246.9;271.2,-262.3;271.2,-269.3;271.2,-291.6;271.2,-311.3
taxiway=Y2|23.0|209.4,-638.2;241.2,-636.9;243.0,-636.8;267.7,-636.1;278.9,-635.8;282.9,-635.5;286.4,-634.2;291.4,-632.5
taxiway=S|23.0|-4.0,766.3;-56.2,765.3;-95.7,765.6;-147.4,765.5;-155.6,765.3
taxiway=A|23.0|189.3,715.1;188.9,816.7;188.8,826.9;186.9,1294.4;185.0,1680.9;184.6,1687.1;183.5,1692.5;181.6,1698.0;179.2,1703.1;176.9,1707.2;174.1,1711.3;170.2,1715.4;166.2,1719.1;160.1,1723.2;153.4,1726.5;146.3,1728.6;138.7,1729.7;82.6,1729.7;61.9,1729.7;48.7,1729.5;41.2,1728.5;33.9,1726.5;29.2,1724.8;24.4,1722.5;21.4,1720.8;17.0,1717.9;13.0,1714.6;10.1,1712.0;7.0,1708.6;3.3,1704.2;-2.2,1694.9;-4.3,1689.5;-6.2,1683.2;-8.4,1671.3
taxiway=-|23.0|184.6,1687.1;186.7,1704.6;193.5,1728.4;192.5,1752.5;187.8,1767.1;178.0,1786.5;165.5,1801.8;151.3,1812.7;143.2,1817.3;138.6,1819.9;124.8,1825.2;109.4,1828.4;100.2,1829.4;90.6,1830.5;67.6,1829.5;46.2,1826.6;30.6,1820.7;13.7,1808.5;3.5,1794.7;-3.5,1780.0;-7.4,1762.8;-8.8,1741.1
taxiway=-|23.0|144.5,-736.6;154.9,-745.3;166.3,-747.7;175.0,-746.7;182.7,-744.3;189.3,-739.7;193.1,-733.1;197.4,-724.8
taxiway=F|23.0|136.0,766.9;147.8,769.7;156.9,773.5;165.5,778.8;174.1,786.5;181.4,796.6;185.9,806.2;188.9,816.7
taxiway=-|23.0|307.7,-627.0;314.4,-645.4;315.8,-646.5;317.6,-647.0;319.2,-646.8;334.7,-641.0
taxiway=-|23.0|155.2,-1404.2;165.4,-1402.1;170.6,-1400.1;176.6,-1397.0;183.8,-1391.6;188.0,-1387.3;191.7,-1383.0;195.7,-1375.9;198.3,-1369.4;199.5,-1365.0;200.5,-1357.9
taxiway=-|23.0|-194.0,765.5;-194.1,777.2;-194.1,799.3;-194.1,815.1
taxiway=-|23.0|-194.1,815.1;-193.1,806.3;-191.9,800.1;-189.8,794.6;-187.2,790.0;-184.0,785.1;-180.1,780.4;-177.7,778.2;-175.2,775.9;-169.2,772.0;-163.1,768.9;-157.1,767.1;-147.4,765.5
taxiway=-|23.0|-3.7,708.6;-6.0,719.7;-9.6,729.7;-13.9,738.3;-19.9,746.4;-27.5,753.2;-36.4,758.9;-44.8,762.6;-56.2,765.3
taxiway=-|23.0|-4.3,825.9;-6.2,814.3;-8.6,806.1;-12.4,797.1;-17.0,789.7;-23.1,782.6;-30.1,777.1;-36.9,773.1;-46.3,768.4;-56.2,765.3
taxiway=Z|23.0|48.7,1729.5;-8.8,1728.9;-65.0,1728.5;-70.0,1728.5;-99.9,1728.3;-149.8,1728.2;-163.1,1726.4;-170.2,1723.8;-178.3,1719.2;-184.6,1713.4;-188.0,1709.3;-192.5,1702.9;-197.0,1692.3;-198.3,1685.0;-198.9,1677.8;-198.2,1384.4;-198.1,1371.9;-196.0,1076.8;-195.8,1055.2;-195.6,1032.6;-195.2,979.7;-195.1,957.0;-194.9,934.7;-194.6,889.3;-194.4,866.7;-194.5,844.3;-194.1,815.1
taxiway=-|23.0|50.9,766.5;-4.0,766.3
taxiway=-|23.0|187.8,1767.1;180.0,1794.0;172.1,1829.1;168.0,1855.7;168.6,1862.0;169.6,1873.2;173.5,1885.2;180.5,1896.0;189.9,1904.4;237.6,1931.6
taxiway=-|23.0|193.5,1728.4;205.9,1747.9;216.8,1763.0;224.2,1778.1;226.9,1797.2;224.2,1816.0;218.2,1833.8;206.0,1846.8;193.6,1856.1;180.9,1860.6;168.6,1862.0;155.7,1859.8;148.5,1856.8;138.2,1852.4;125.3,1842.6;117.0,1836.0;108.2,1832.6;100.2,1829.4
taxiway=-|23.0|-65.0,1728.5;-59.6,1728.0;-54.6,1726.9;-50.4,1725.6;-46.5,1724.2;-43.2,1722.6;-39.4,1720.6;-36.4,1718.9;-31.6,1715.3;-27.5,1711.7;-24.1,1707.9;-21.0,1704.0;-18.0,1699.5;-16.1,1695.9;-13.6,1690.6;-11.6,1684.5;-10.5,1679.9;-9.8,1676.1;-8.4,1671.3
taxiway=Y6|23.0|216.2,14.1;212.2,13.2;206.6,11.2;203.2,8.8;199.3,5.1;196.4,0.7;194.6,-3.9;193.7,-8.0;193.3,-12.4
taxiway=Y3|23.0|196.4,-560.8;198.4,-553.6;200.2,-550.1;203.0,-546.4;206.8,-543.0;212.7,-539.7;219.0,-538.5;240.2,-538.2
taxiway=-|23.0|291.4,-632.5;307.7,-627.0;317.1,-623.8
taxiway=-|23.0|307.7,-627.0;303.3,-613.8
taxiway=Y6|23.0|193.0,41.6;193.5,35.5;194.7,31.0;196.8,26.4;199.7,22.3;204.0,18.4;207.8,16.3;212.2,14.7;216.2,14.1;237.4,14.2;252.0,14.2;254.9,13.9;258.1,12.9;261.6,11.1;264.7,8.8;267.2,5.4;269.1,2.0;270.0,-1.9
taxiway=Y5|23.0|271.2,-311.3;270.5,-314.6;268.9,-317.5;266.4,-319.7;263.9,-321.1;261.1,-321.4;239.3,-321.6;216.4,-322.0;210.8,-323.2;205.8,-325.5;201.7,-330.5;197.8,-336.6;195.2,-343.9
apron=Y2|241.5,-655.0;241.5,-630.6;240.6,-558.9;240.8,-517.9;240.6,-501.6;243.8,-501.5;244.4,-500.4;244.7,-499.4;244.8,-493.7;279.1,-493.9;279.4,-606.0;279.9,-618.4;281.2,-631.8;288.9,-655.7;246.0,-655.0
apron=Y5|279.1,-493.9;278.3,-377.0;278.0,-360.2;280.4,-345.7;280.2,-324.9;278.3,-175.7;282.6,-164.5;281.6,28.0;280.0,31.7;277.0,34.1;274.4,35.0;236.8,34.9;237.2,-9.4;238.0,-151.9;238.5,-303.8;238.7,-342.0;238.8,-357.7;239.2,-397.1;240.3,-493.5;244.8,-493.7
apron=M|385.1,-2071.3;434.7,-2070.6;521.2,-2069.7;524.7,-2069.1;529.0,-2066.5;532.9,-2063.2;535.7,-2060.2;538.6,-2055.6;539.4,-2050.8;538.8,-2011.9;537.7,-2008.5;535.0,-2005.2;531.9,-2002.6;528.4,-2000.7;521.3,-1998.2;517.7,-1996.1;514.5,-1992.8;511.7,-1988.1;501.6,-1956.6;500.1,-1896.4;499.2,-1893.0;498.0,-1890.5;490.4,-1880.1;489.1,-1877.4;488.3,-1874.8;488.1,-1871.8;485.8,-1544.5;485.5,-1538.0;483.1,-1534.1;479.3,-1530.0;484.5,-1524.7;486.3,-1526.0;488.6,-1526.7;490.6,-1526.7;492.3,-1526.4;495.2,-1524.9;520.7,-1506.5;528.3,-1503.5;557.7,-1476.7;557.6,-1441.8;549.9,-1434.0;509.0,-1434.6;507.9,-1346.0;501.2,-1346.0;500.3,-1281.7;545.2,-1281.1;546.1,-1279.7;545.5,-1231.2;408.2,-1232.3;407.6,-1228.2;406.9,-1203.3;379.7,-1203.1;379.9,-1252.5;336.4,-1251.7;336.0,-1199.3;261.7,-1199.3;259.5,-1199.8;257.9,-1200.8;256.3,-1202.2;247.1,-1202.1;247.9,-1385.6;257.5,-1387.9;284.9,-1389.5;289.5,-1389.8;289.8,-1420.2;261.1,-1421.6;249.7,-1424.2;239.7,-1428.4;231.2,-1434.8;225.1,-1442.3;219.2,-1455.8;217.0,-1475.6;212.8,-1527.2;214.2,-1660.6;223.0,-1738.1;225.1,-1745.3;229.3,-1752.4;234.2,-1757.3;241.7,-1761.2;249.8,-1763.5;263.4,-1765.0;277.9,-1766.1;280.3,-1766.2;280.6,-1797.9;266.2,-1798.7;260.3,-1801.3;254.8,-1804.5;248.8,-1809.4;244.0,-1816.0;241.5,-1821.1;239.8,-1827.8;236.7,-1860.6;236.7,-1863.2;211.8,-1863.2;212.5,-1945.5;208.9,-1956.7;205.2,-1963.2;197.9,-1970.5;189.8,-1976.6;181.8,-1978.6;170.4,-1980.1;153.0,-1980.3;153.8,-2040.1;168.1,-2042.2;178.4,-2046.7;186.2,-2053.3;194.9,-2066.5;195.3,-2070.5;312.2,-2068.4;310.5,-1902.4;336.4,-1863.3;348.3,-1863.5;351.5,-1864.3;355.6,-1866.4;360.2,-1870.3;363.6,-1874.2;366.0,-1878.4;383.8,-1883.0
apron=-|308.6,-684.9;291.4,-632.5;289.8,-608.9;307.9,-602.0;315.1,-615.8;320.8,-631.2;331.5,-627.3;333.9,-634.5;338.3,-646.4;332.8,-647.5;320.0,-659.0;333.7,-674.4;324.3,-679.4;320.1,-681.6
apron=K|-354.9,1205.4;-354.3,836.3;-353.0,710.7;-352.6,712.1;-351.9,713.4;-350.4,714.0;-347.6,714.3;-217.0,714.9;-216.8,732.7;-215.7,732.7;-215.9,765.3;-216.3,836.8;-217.9,1199.4;-220.2,1568.2;-328.3,1564.3;-341.7,1568.8;-355.2,1569.5
apron=-|446.4,-25.2;358.2,111.6;254.9,45.6;288.5,44.3;289.3,-124.5
