# EETU taxiways and aprons, generated by tools/make_terrain.py (see there for the format).
# From OpenStreetMap: (c) OpenStreetMap contributors, ODbL. North,east metres in the sim's frame.
icao=EETU
level=21.6
taxiway=-|18.0|-121654.4,108703.8;-121562.4,108699.2;-121503.2,108696.3;-121498.0,108695.0;-121493.8,108693.0;-121490.3,108691.4;-121481.6,108684.7;-121475.8,108679.7
taxiway=-|18.0|-121314.9,108464.3;-121314.1,108474.5;-121389.8,108479.6;-121397.1,108480.1
taxiway=-|18.0|-121481.6,108684.7;-121479.2,108678.6;-121478.7,108672.0;-121479.5,108656.5;-121481.6,108623.4;-121483.4,108594.5;-121484.7,108575.0;-121485.9,108555.2;-121487.2,108534.8;-121488.5,108513.8;-121489.7,108494.3;-121490.9,108476.1;-121491.8,108463.0;-121489.9,108458.5;-121487.0,108455.0;-121442.3,108451.0;-121406.7,108447.9;-121400.9,108450.0;-121398.3,108454.3;-121397.1,108480.1;-121396.6,108487.2;-121393.9,108528.3;-121392.5,108548.4;-121391.2,108569.0;-121389.8,108589.9;-121389.2,108599.6;-121389.7,108603.5;-121391.8,108607.3;-121412.5,108625.1;-121435.3,108644.8;-121475.8,108679.7
taxiway=-|18.0|-121503.2,108696.3;-121495.9,108697.5;-121489.4,108700.8;-121481.7,108707.7;-121477.0,108716.6;-121474.2,108725.1;-121468.6,108731.1;-121461.3,108734.3;-121452.8,108733.6;-121441.6,108732.7;-121422.4,108731.2;-121419.0,108730.9;-121395.7,108729.9;-121391.3,108728.9;-121389.2,108725.5;-121389.2,108722.0;-121392.2,108680.0;-121393.7,108675.9;-121396.3,108674.0;-121399.7,108673.4;-121427.1,108675.3;-121455.6,108677.3;-121470.4,108678.4;-121475.8,108679.7
taxiway=-|18.0|-121442.3,108451.0;-121441.9,108456.8;-121440.6,108474.6;-121439.7,108489.9;-121439.6,108492.0;-121438.3,108512.7;-121437.3,108530.6;-121437.1,108533.1;-121436.0,108551.3;-121435.9,108553.2;-121434.7,108572.4;-121434.6,108574.2;-121433.5,108592.8;-121431.7,108623.2;-121431.5,108625.8;-121431.2,108630.6;-121431.2,108635.2;-121432.4,108638.1;-121435.3,108644.8
apron=-|-121387.9,108436.3;-121391.9,108436.8;-121398.2,108437.3;-121477.5,108443.6;-121498.0,108445.3;-121487.9,108633.0;-121481.9,108745.6;-121369.9,108740.6;-121377.3,108616.4
