# Generated by tools/make_terrain.py; see that file for the format and the sources.
version=1
reference=59.4132560,24.8365580,39.93
attribution=Imagery: Sentinel-2 cloudless 2024 by EOX IT Services GmbH (s2maps.eu), modified Copernicus Sentinel data 2024, CC BY-NC-SA 4.0. Elevation: Mapzen Terrain Tiles (AWS Open Data). Buildings: (c) OpenStreetMap contributors, ODbL.
tile=outer|-150000.0|-150000.0|300000.0|61|40000.0
tile=tile_0_0|-40000.0|-40000.0|10000.0|101|0.0
tile=tile_0_1|-40000.0|-30000.0|10000.0|101|0.0
tile=tile_0_2|-40000.0|-20000.0|10000.0|101|0.0
tile=tile_0_3|-40000.0|-10000.0|10000.0|101|0.0
tile=tile_0_4|-40000.0|0.0|10000.0|101|0.0
tile=tile_0_5|-40000.0|10000.0|10000.0|101|0.0
tile=tile_0_6|-40000.0|20000.0|10000.0|101|0.0
tile=tile_0_7|-40000.0|30000.0|10000.0|101|0.0
tile=tile_1_0|-30000.0|-40000.0|10000.0|101|0.0
tile=tile_1_1|-30000.0|-30000.0|10000.0|101|0.0
tile=tile_1_2|-30000.0|-20000.0|10000.0|101|0.0
tile=tile_1_3|-30000.0|-10000.0|10000.0|101|0.0
tile=tile_1_4|-30000.0|0.0|10000.0|101|0.0
tile=tile_1_5|-30000.0|10000.0|10000.0|101|0.0
tile=tile_1_6|-30000.0|20000.0|10000.0|101|0.0
tile=tile_1_7|-30000.0|30000.0|10000.0|101|0.0
tile=tile_2_0|-20000.0|-40000.0|10000.0|101|0.0
tile=tile_2_1|-20000.0|-30000.0|10000.0|101|0.0
tile=tile_2_2|-20000.0|-20000.0|10000.0|101|0.0
tile=tile_2_3|-20000.0|-10000.0|10000.0|101|0.0
tile=tile_2_4|-20000.0|0.0|10000.0|101|0.0
tile=tile_2_5|-20000.0|10000.0|10000.0|101|0.0
tile=tile_2_6|-20000.0|20000.0|10000.0|101|0.0
tile=tile_2_7|-20000.0|30000.0|10000.0|101|0.0
tile=tile_3_0|-10000.0|-40000.0|10000.0|101|0.0
tile=tile_3_1|-10000.0|-30000.0|10000.0|101|0.0
tile=tile_3_2|-10000.0|-20000.0|10000.0|101|0.0
tile=tile_3_3|-10000.0|-10000.0|10000.0|101|0.0
tile=tile_3_4|-10000.0|0.0|10000.0|101|0.0
tile=tile_3_5|-10000.0|10000.0|10000.0|101|0.0
tile=tile_3_6|-10000.0|20000.0|10000.0|101|0.0
tile=tile_3_7|-10000.0|30000.0|10000.0|101|0.0
tile=tile_4_0|0.0|-40000.0|10000.0|101|0.0
tile=tile_4_1|0.0|-30000.0|10000.0|101|0.0
tile=tile_4_2|0.0|-20000.0|10000.0|101|0.0
tile=tile_4_3|0.0|-10000.0|10000.0|101|0.0
tile=tile_4_4|0.0|0.0|10000.0|101|0.0
tile=tile_4_5|0.0|10000.0|10000.0|101|0.0
tile=tile_4_6|0.0|20000.0|10000.0|101|0.0
tile=tile_4_7|0.0|30000.0|10000.0|101|0.0
tile=tile_5_0|10000.0|-40000.0|10000.0|101|0.0
tile=tile_5_1|10000.0|-30000.0|10000.0|101|0.0
tile=tile_5_2|10000.0|-20000.0|10000.0|101|0.0
tile=tile_5_3|10000.0|-10000.0|10000.0|101|0.0
tile=tile_5_4|10000.0|0.0|10000.0|101|0.0
tile=tile_5_5|10000.0|10000.0|10000.0|101|0.0
tile=tile_5_6|10000.0|20000.0|10000.0|101|0.0
tile=tile_5_7|10000.0|30000.0|10000.0|101|0.0
tile=tile_6_0|20000.0|-40000.0|10000.0|101|0.0
tile=tile_6_1|20000.0|-30000.0|10000.0|101|0.0
tile=tile_6_2|20000.0|-20000.0|10000.0|101|0.0
tile=tile_6_3|20000.0|-10000.0|10000.0|101|0.0
tile=tile_6_4|20000.0|0.0|10000.0|101|0.0
tile=tile_6_5|20000.0|10000.0|10000.0|101|0.0
tile=tile_6_6|20000.0|20000.0|10000.0|101|0.0
tile=tile_6_7|20000.0|30000.0|10000.0|101|0.0
tile=tile_7_0|30000.0|-40000.0|10000.0|101|0.0
tile=tile_7_1|30000.0|-30000.0|10000.0|101|0.0
tile=tile_7_2|30000.0|-20000.0|10000.0|101|0.0
tile=tile_7_3|30000.0|-10000.0|10000.0|101|0.0
tile=tile_7_4|30000.0|0.0|10000.0|101|0.0
tile=tile_7_5|30000.0|10000.0|10000.0|101|0.0
tile=tile_7_6|30000.0|20000.0|10000.0|101|0.0
tile=tile_7_7|30000.0|30000.0|10000.0|101|0.0
buildings=buildings.bin
